1034 0.948743 307.525047 105 
2068 0.960348 312.665167 288 
3102 0.932302 302.734263 468 
4136 0.921663 346.338301 618 
5170 0.941973 333.282384 753 
6204 0.962282 296.370613 855 
7238 0.953578 284.802812 899 
8272 0.938104 315.235390 922 
9306 0.953578 233.016217 972 
10340 0.941973 183.417322 954 
11374 0.928433 140.098463 877 
12408 0.941006 123.815433 795 
13442 0.913926 120.596750 713 
14476 0.914894 97.401811 692 
15510 0.952611 75.470411 775 
16544 0.955513 69.338925 796 
17578 0.952611 65.835591 839 
18612 0.878143 111.774038 865 
19646 0.939072 76.841181 870 
20680 0.977756 50.349621 862 
21714 0.969052 68.819654 877 
22748 0.951644 71.647653 890 
23782 0.969052 65.946207 897 
24816 0.952611 73.909093 881 
25850 0.955513 71.242960 880 
26884 0.975822 54.683465 891 
27918 0.914894 94.760023 931 
28952 0.949710 74.989609 938 
29986 0.970019 52.141763 953 
31020 0.919729 87.244301 927 
32054 0.966151 54.683700 910 
33088 0.963250 66.552572 933 
34122 0.932302 78.649081 940 
35156 0.959381 62.970784 988 
36190 0.965184 61.689382 974 
37224 0.961315 58.688362 966 
38258 0.952611 69.518423 925 
39292 0.936170 83.127580 923 
40326 0.956480 67.470706 891 
41360 0.951644 74.637203 949 
42394 0.923598 91.288671 977 
43428 0.957447 65.550864 983 
44462 0.980658 48.919330 979 
45496 0.957447 64.773124 993 
46530 0.965184 62.233830 999 
47564 0.948743 70.873114 1005 
48598 0.957447 66.852613 989 
49632 0.940039 72.045350 974 
50666 0.961315 68.978733 945 
51700 0.946809 75.697094 939 
52734 0.975822 50.942431 968 
